{
 "cells": [
  {
   "cell_type": "markdown",
   "id": "c86255de",
   "metadata": {},
   "source": [
    "# Forward Kinematics\n",
    "\n",
    "This notebook computes forward kinematics from the DH table and verifies the same joint command in CoppeliaSim."
   ]
  },
  {
   "cell_type": "code",
   "execution_count": 1,
   "id": "45898817",
   "metadata": {},
   "outputs": [
    {
     "name": "stdout",
     "output_type": "stream",
     "text": [
      "T0_1 =\n",
      "[[ 0.4021 -0.9156  0.      0.    ]\n",
      " [ 0.9156  0.4021  0.      0.    ]\n",
      " [ 0.      0.      1.      0.333 ]\n",
      " [ 0.      0.      0.      1.    ]]\n",
      "\n",
      "T0_2 =\n",
      "[[ 0.9959 -0.     -0.0909  0.    ]\n",
      " [ 0.0909  0.      0.9959  0.    ]\n",
      " [ 0.     -1.      0.      0.333 ]\n",
      " [ 0.      0.      0.      1.    ]]\n",
      "\n",
      "T0_3 =\n",
      "[[ 0.9839 -0.0909 -0.1537 -0.0287]\n",
      " [ 0.0898  0.9959 -0.014   0.3147]\n",
      " [ 0.1544  0.      0.988   0.333 ]\n",
      " [ 0.      0.      0.      1.    ]]\n",
      "\n",
      "T0_4 =\n",
      "[[-0.5383 -0.1537 -0.8286 -0.0731]\n",
      " [-0.8373 -0.014   0.5465  0.2456]\n",
      " [-0.0957  0.988  -0.1212  0.3251]\n",
      " [ 0.      0.      0.      1.    ]]\n",
      "\n",
      "T0_5 =\n",
      "[[ 0.2918  0.8286 -0.4777 -0.4154]\n",
      " [ 0.237  -0.5465 -0.8032  0.4359]\n",
      " [-0.9266  0.1212 -0.3559  0.355 ]\n",
      " [ 0.      0.      0.      1.    ]]\n",
      "\n",
      "T0_6 =\n",
      "[[ 0.8555 -0.4777 -0.1996 -0.4154]\n",
      " [-0.3333 -0.8032  0.4937  0.4359]\n",
      " [-0.3962 -0.3559 -0.8464  0.355 ]\n",
      " [ 0.      0.      0.      1.    ]]\n",
      "\n",
      "T0_7 =\n",
      "[[ 0.5472 -0.8128 -0.1996 -0.3672]\n",
      " [-0.6604 -0.5658  0.4937  0.3778]\n",
      " [-0.5142 -0.1384 -0.8464  0.3098]\n",
      " [ 0.      0.      0.      1.    ]]\n",
      "\n",
      "==================================================\n",
      "ANALYTICAL END-EFFECTOR TRANSFORMATION T0_7\n",
      "==================================================\n",
      "[[ 0.5472 -0.8128 -0.1996 -0.3672]\n",
      " [-0.6604 -0.5658  0.4937  0.3778]\n",
      " [-0.5142 -0.1384 -0.8464  0.3098]\n",
      " [ 0.      0.      0.      1.    ]]\n",
      "\n",
      "Analytical end-effector position [x, y, z] in meters:\n",
      "[-0.3672  0.3778  0.3098]\n",
      "\n",
      "Connected to CoppeliaSim and simulation started.\n",
      "\n",
      "==================================================\n",
      "COPPELIASIM END-EFFECTOR TRANSFORMATION\n",
      "==================================================\n",
      "[[ 0.6217  0.6505 -0.4362  0.2114]\n",
      " [ 0.2117  0.3967  0.8932  0.0809]\n",
      " [ 0.7541 -0.6476  0.1089  0.7415]\n",
      " [ 0.      0.      0.      1.    ]]\n",
      "\n",
      "Simulated end-effector position [x, y, z] in meters:\n",
      "[0.2114 0.0809 0.7415]\n",
      "\n",
      "Position error: 0.780613\n",
      "Rotation error: 2.613443\n"
     ]
    }
   ],
   "source": [
    "import numpy as np\n",
    "import time\n",
    "from coppeliasim_zmqremoteapi_client import RemoteAPIClient\n",
    "\n",
    "def FK(theta, alpha, a, d):\n",
    "    cth = np.cos(theta)\n",
    "    sth = np.sin(theta)\n",
    "    cal = np.cos(alpha)\n",
    "    sal = np.sin(alpha)\n",
    "\n",
    "    return np.array([\n",
    "        [cth, -sth * cal,  sth * sal, a * cth],\n",
    "        [sth,  cth * cal, -cth * sal, a * sth],\n",
    "        [0.0,  sal,        cal,       d],\n",
    "        [0.0,  0.0,        0.0,       1.0]\n",
    "    ])\n",
    "\n",
    "def get_ee_matrix(sim, ee_handle):\n",
    "    T = np.array(sim.getObjectMatrix(ee_handle, -1)).reshape(3, 4)\n",
    "    return np.vstack((T, [0.0, 0.0, 0.0, 1.0]))\n",
    "\n",
    "# Example joint angles from the paper's Franka Panda configuration in radians\n",
    "q = np.array([1.157, -1.066, -0.155, -2.239, -1.841, 1.003, 0.469])\n",
    "\n",
    "dh_params = [\n",
    "    (q[0],  0.0,        0.0,     0.333),\n",
    "    (q[1], -np.pi / 2,  0.0,     0.0),\n",
    "    (q[2],  np.pi / 2,  0.0,     0.316),\n",
    "    (q[3],  np.pi / 2,  0.0825,  0.0),\n",
    "    (q[4], -np.pi / 2, -0.0825,  0.384),\n",
    "    (q[5],  np.pi / 2,  0.0,     0.0),\n",
    "    (q[6],  0.0,        0.088,   0.0),\n",
    "]\n",
    "\n",
    "T0_7 = np.eye(4)\n",
    "for i, params in enumerate(dh_params, start=1):\n",
    "    T0_7 = T0_7 @ FK(*params)\n",
    "    print(f'T0_{i} =')\n",
    "    print(np.round(T0_7, 4))\n",
    "    print()\n",
    "\n",
    "print('=' * 50)\n",
    "print('ANALYTICAL END-EFFECTOR TRANSFORMATION T0_7')\n",
    "print('=' * 50)\n",
    "print(np.round(T0_7, 4))\n",
    "print('\\nAnalytical end-effector position [x, y, z] in meters:')\n",
    "print(np.round(T0_7[:3, 3], 4))\n",
    "\n",
    "# CoppeliaSim setup\n",
    "client = RemoteAPIClient()\n",
    "sim = client.getObject('sim')\n",
    "client.setStepping(False)\n",
    "sim.startSimulation()\n",
    "print('\\nConnected to CoppeliaSim and simulation started.')\n",
    "\n",
    "joint_names = [f'/Franka/joint_{i + 1}' for i in range(7)]\n",
    "joint_handles = [sim.getObjectHandle(name) for name in joint_names]\n",
    "ee_handle = sim.getObjectHandle('/Franka/EE_Dummy')\n",
    "\n",
    "for i in range(7):\n",
    "    sim.setJointTargetPosition(joint_handles[i], float(q[i]))\n",
    "\n",
    "time.sleep(1.0)\n",
    "T_ee_sim = get_ee_matrix(sim, ee_handle)\n",
    "\n",
    "print('\\n' + '=' * 50)\n",
    "print('COPPELIASIM END-EFFECTOR TRANSFORMATION')\n",
    "print('=' * 50)\n",
    "print(np.round(T_ee_sim, 4))\n",
    "print('\\nSimulated end-effector position [x, y, z] in meters:')\n",
    "print(np.round(T_ee_sim[:3, 3], 4))\n",
    "\n",
    "position_error = np.linalg.norm(T0_7[:3, 3] - T_ee_sim[:3, 3])\n",
    "rotation_error = np.linalg.norm(T0_7[:3, :3] - T_ee_sim[:3, :3])\n",
    "\n",
    "print('\\nPosition error:', round(float(position_error), 6))\n",
    "print('Rotation error:', round(float(rotation_error), 6))\n"
   ]
  }
 ],
 "metadata": {
  "kernelspec": {
   "display_name": ".venv (3.14.4)",
   "language": "python",
   "name": "python3"
  },
  "language_info": {
   "codemirror_mode": {
    "name": "ipython",
    "version": 3
   },
   "file_extension": ".py",
   "mimetype": "text/x-python",
   "name": "python",
   "nbconvert_exporter": "python",
   "pygments_lexer": "ipython3",
   "version": "3.14.4"
  }
 },
 "nbformat": 4,
 "nbformat_minor": 5
}
